[gd_scene load_steps=10 format=2]

[ext_resource path="res://Spatial.gd" type="Script" id=1]
[ext_resource path="res://Platform objects/BlockLarge.tscn" type="PackedScene" id=2]
[ext_resource path="res://Platform objects/slope.tscn" type="PackedScene" id=3]
[ext_resource path="res://Platform objects/hexagon.tscn" type="PackedScene" id=4]
[ext_resource path="res://Platform objects/end.tscn" type="PackedScene" id=5]
[ext_resource path="res://Character.tscn" type="PackedScene" id=6]

[sub_resource type="PlaneMesh" id=1]
size = Vector2( 10, 10 )

[sub_resource type="SpatialMaterial" id=2]
albedo_color = Color( 0.184314, 0.45098, 0, 1 )

[sub_resource type="ConvexPolygonShape" id=3]
points = PoolVector3Array( 5, 0, 5, -5, 0, 5, 5, 0, -5, -5, 0, -5 )

[node name="Spatial" type="Spatial"]
script = ExtResource( 1 )

[node name="Ground" type="StaticBody" parent="."]

[node name="MeshInstance" type="MeshInstance" parent="Ground"]
mesh = SubResource( 1 )
material/0 = SubResource( 2 )

[node name="CollisionShape" type="CollisionShape" parent="Ground"]
shape = SubResource( 3 )

[node name="Camera" type="Camera" parent="."]
transform = Transform( 0.996195, 0.029809, -0.0818997, 0.0225576, 0.819489, 0.572651, 0.084186, -0.572319, 0.815698, 0.5, 5, 7.5 )

[node name="DirectionalLight" type="DirectionalLight" parent="."]
transform = Transform( 0.984194, 0.168714, 0.0538374, 0, -0.304001, 0.952672, 0.177096, -0.937613, -0.299196, 0, 6.32177, 0 )
shadow_enabled = true

[node name="BlockLarge" parent="." instance=ExtResource( 2 )]
transform = Transform( 1, 0, 0, 0, 1, 0, 0, 0, 1, -3.5, 0, 0 )

[node name="BlockLarge2" parent="." instance=ExtResource( 2 )]
transform = Transform( 1, 0, 0, 0, 1, 0, 0, 0, 1, -1.5, 0, 0 )

[node name="BlockLarge3" parent="." instance=ExtResource( 2 )]
transform = Transform( 1, 0, 0, 0, 1, 0, 0, 0, 1, -1.5, 0, 2 )

[node name="BlockLarge4" parent="." instance=ExtResource( 2 )]
transform = Transform( 1, 0, 0, 0, 1, 0, 0, 0, 1, 2.5, 0, -2 )

[node name="slope" parent="." instance=ExtResource( 3 )]
transform = Transform( 0.906308, 0, 0.422618, 0, 1, 0, -0.422618, 0, 0.906308, 1.5, 0, 4 )

[node name="slope2" parent="." instance=ExtResource( 3 )]
transform = Transform( 1.49012e-08, 0, -1, 0, 1, 0, 1, 0, 1.49012e-08, 1, 0, -4 )

[node name="hexagon" parent="." instance=ExtResource( 4 )]
transform = Transform( 1, 0, 0, 0, 1, 0, 0, 0, 1, 3, 0, 2 )

[node name="hexagon2" parent="." instance=ExtResource( 4 )]
transform = Transform( 1, 0, 0, 0, 1, 0, 0, 0, 1, 3, 0, 0 )

[node name="Scene Root" parent="." instance=ExtResource( 5 )]
transform = Transform( 1, 0, 0, 0, 1, 0, 0, 0, 1, -1.5, 0, -4 )

[node name="Character" parent="." instance=ExtResource( 6 )]
transform = Transform( 1, 0, 0, 0, 1, 0, 0, 0, 1, -3.5, 0.5, 2.5 )
